C:/CodeProjects/ThirdPartyExamples/DatabaseUuidv7Tests/MsSqlAnalyze/bin/Debug/net8.0/MsSqlAnalyze.exe
0       1
100000  197739
200000  194735
300000  189354
400000  185858
500000  182132
600000  178351
700000  173841
800000  170096
900000  166115
1000000 162438
1100000 157767
1200000 153984
1300000 149866
1400000 145746
1500000 141806
1600000 137481
1700000 134157
1800000 129713
1900000 126184
2000000 122278
2100000 118173
2200000 113922
2300000 110378
2400000 105875
2500000 102051
2600000 97847
2700000 93990
2800000 90113
2900000 85711
3000000 82080
3100000 77675
3200000 74143
3300000 70124
3400000 65918
3500000 62028
3600000 58053
3700000 53650
3800000 50130
3900000 46020
4000000 42250
4100000 38065
4200000 34086
4300000 30093
4400000 26020
4500000 22097
4600000 17905
4700000 14021
4800000 9968
4900000 5956
5000000 2016
------------------------------------------------
Max deviation: 4998242
------------------------------------------------
DONE

Process finished with exit code 0.
